Ваша исходная матрица [10]x[10] элементов: 
233	235	316	0	109	57	46	87	294	72	
114	303	19	94	194	195	212	114	12	1	
84	261	169	54	280	71	96	211	26	38	
25	77	135	24	195	250	260	144	238	119	
319	0	178	326	35	246	57	139	282	73	
304	182	208	146	171	91	22	19	295	231	
156	194	157	13	134	157	88	277	302	262	
245	7	261	98	304	83	95	239	161	76	
207	1	135	133	288	76	317	183	104	56	
185	321	15	26	81	179	298	183	112	142	
-------------------------------------------------------------------------------------------------
Ваша отсортированная матрица [10]x[10] элементов: 
233	235	0	46	109	57	72	87	294	316	
12	303	19	94	114	195	114	194	212	1	
26	261	169	38	54	71	84	211	96	280	
25	77	135	24	195	144	238	250	260	119	
319	0	178	246	35	282	57	139	326	73	
22	146	182	208	171	91	304	19	295	231	
88	134	157	13	156	157	194	277	262	302	
245	7	261	76	98	83	95	239	161	304	
207	1	135	133	56	76	317	183	104	288	
185	321	15	26	81	179	112	183	142	298	
-------------------------------------------------------------------------------------------------

Сравнительная таблица сортировок:
-------------------------------------------------------------------------------------------------
|	Сортировка	|	Количество перестановок		|	Количество сравнений	|
-------------------------------------------------------------------------------------------------
|Быстрая сортировка	|		41			|		45		|
-------------------------------------------------------------------------------------------------
|Сортировка Шелла	|		101			|		37		|
-------------------------------------------------------------------------------------------------
|Сортировка вставками	|		92			|		53		|
-------------------------------------------------------------------------------------------------
|Сортировка пузырьком	|		106			|		53		|
-------------------------------------------------------------------------------------------------
